000
000
000
000
000
000
032
FAF
000
000
000
000
FFF
063
02D
F6C
000
000
000
000
000
000
000
000
000
000
000
000
000
000
01E
F82
02F
F99
000
000
032
003
03A
010
000
000
000
000
000
000
000
000
000
000
000
000
000
000
010
FCE
000
000
014
FF2
000
000
000
000
000
000
05C
00C
02A
FDA
020
02D
000
000
000
000
000
000
000
000
000
000
000
000
023
FD8
06F
FD2
000
000
000
000
036
F9A
000
000
000
000
000
000
000
000
000
000
000
000
000
000
000
000
000
000
000
000
000
000
000
000
000
000
000
000
020
054
016
03C
000
000
000
000
FF2
FE7
000
000
000
000
00D
005
000
000
000
000
000
000
042
FF6
029
045
033
03F
000
000
00C
FEF
009
FDC
000
000
000
000
000
000
000
000
063
FC1
000
000
000
000
05C
F20
026
F5A
000
000
000
000
000
000
000
000
000
000
031
FCE
007
FA4
016
FD1
FFD
FAF
FF0
FDD
009
FE2
000
000
000
000
000
071
018
04A
000
000
000
000
00C
FEB
000
000
000
000
000
000
000
000
000
000
000
000
03A
FEE
02B
017
02E
024
037
022
000
000
000
000
000
000
000
000
000
000
000
000
075
F17
000
000
000
000
000
000
000
000
000
000
000
000
000
000
000
000
000
000
000
000
000
F88
01E
FD1
FF0
F8F
02F
FEF
026
FDD
017
042
01C
05C
000
000
000
000
000
000
000
000
FFA
FF0
009
FE5
000
000
000
000
000
000
000
000
000
000
04D
FFC
01C
00B
000
000
03B
021
000
000
000
000
000
000
001
FF7
001
FF2
000
000
077
FF3
09B
02E
000
000
000
000
032
FEE
000
000
000
000
000
000
000
000
000
000
000
000
000
000
000
000
000
000
018
FC7
000
000
00F
064
01E
015
000
000
000
000
000
000
011
F8C
002
FF1
000
000
000
000
000
000
000
000
000
000
023
005
037
FEF
010
FEF
01D
00C
03A
017
000
000
000
000
000
000
000
000
000
000
000
000
05C
F62
007
FEC
000
000
000
000
000
000
000
000
000
000
000
000
000
000
000
000
000
000
000
000
000
000
000
000
02D
FD5
000
000
011
032
000
000
03C
04A
FDC
169
01D
F8A
000
F91
000
000
000
000
000
000
000
000
000
000
000
000
000
000
000
000
000
000
01B
FEF
037
04A
023
093
000
085
000
000
000
000
000
000
000
000
000
000
000
000
000
000
000
000
000
000
000
000
000
000
000
000
000
000
000
000
000
000
000
000
000
000
00E
FCF
01A
FC9
02F
061
012
01A
005
01C
000
000
000
000
029
FA1
007
F8D
000
000
000
000
007
FE3
007
FE8
000
000
000
000
000
000
000
000
000
000
000
000
000
000
00B
07D
000
000
000
000
000
000
000
000
000
000
000
000
000
000
000
000
000
000
000
000
000
000
000
000
011
052
000
000
000
000
000
000
000
000
000
000
008
FAE
004
FE4
FF0
FC3
047
054
000
000
000
000
000
000
000
000
FEE
F55
000
000
000
000
000
000
000
000
000
000
000
000
000
000
000
000
026
0A1
034
069
000
000
000
000
000
000
000
000
000
000
002
FE6
000
000
000
000
000
000
000
000
000
000
000
000
000
000
000
000
000
000
000
000
000
000
000
000
FF6
F27
000
000
000
000
000
000
014
058
FD2
0C5
FFD
FF7
000
000
000
000
023
FD0
000
000
000
000
000
000
000
000
000
000
000
000
000
000
000
000
000
000
04D
067
00A
0B4
01F
011
000
000
000
000
000
000
000
000
006
FE8
000
000
000
000
000
000
000
000
000
000
000
000
000
000
000
000
000
000
000
000
000
000
000
000
FFA
F77
000
000
000
000
000
000
000
000
000
000
000
000
000
000
000
000
00B
EEA
FFC
FAA
000
000
000
000
000
000
000
000
000
000
000
000
000
000
000
000
FCE
109
000
000
000
000
056
08B
000
000
000
000
000
000
000
000
000
000
000
000
000
000
000
000
000
000
000
000
000
000
000
000
015
09C
01A
067
000
000
000
000
000
000
000
000
000
000
000
000
000
000
000
000
000
000
000
000
000
000
007
FD1
000
000
000
000
000
000
000
000
000
000
000
000
000
000
000
000
000
000
000
000
03E
081
000
000
000
000
000
000
000
000
000
000
000
000
000
000
000
000
000
000
000
000
000
000
000
000
000
000
000
000
027
078
027
0AB
000
000
000
000
000
000
000
000
000
000
000
000
FB6
050
000
000
000
000
000
000
000
000
000
000
000
000
000
000
000
000
000
000
000
000
030
07B
000
000
000
000
000
000
000
000
000
000
000
000
000
000
000
000
000
000
000
000
000
000
000
000
000
000
000
000
000
000
000
000
000
000
000
000
000
000
000
000
000
000
000
000
000
000
000
000
000
000
000
000
000
000
000
000
000
000
000
000
000
000
000
000
000
000
000
000
000
000
000
000
000
000
000
000
040
07D
070
087
000
000
000
000
000
000
000
000
000
000
000
000
000
000
000
000
000
000
000
000
000
000
000
000
000
000
000
000
000
000
000
000
000
000
000
000
000
000
000
000
000
000
000
000
FF6
FBC
000
000
000
000
000
000
000
000
000
000
000
000
000
000
000
000
000
000
000
000
000
000
000
000
000
000
000
000
000
000
048
047
000
000
000
000
009
FF3
000
000
000
000
000
000
000
000
000
000
000
000
000
000
000
000
000
000
000
000
000
000
000
000
000
000
000
000
000
000
000
000
FAB
030
000
000
000
000
FF1
ED4
000
000
000
000
007
FDC
000
000
000
000
000
000
000
000
000
000
000
000
000
000
000
000
000
000
000
000
000
000
056
092
000
000
000
000
000
000
000
000
000
000
000
000
000
000
000
000
000
000
000
000
000
000
000
000
000
000
000
000
000
000
000
000
000
000
000
000
000
000
000
000
EF4
0AF
000
000
000
000
000
000
000
000
000
000
000
000
000
000
000
000
000
000
000
000
000
000
000
000
000
000
000
000
000
000
000
000
000
000
000
000
000
000
000
000
000
000
000
000
000
000
000
000
000
000
000
000
000
000
000
000
000
000
000
000
000
000
FC4
077
000
000
000
000
000
000
000
000
000
000
000
000
000
000
000
000
000
000
070
F5A
FDB
E81
000
000
000
000
000
000
000
000
000
000
000
000
000
000
000
000
000
000
000
000
000
000
000
000
000
000
000
000
000
000
000
000
000
000
000
000
000
000
000
000
000
000
000
000
000
000
000
000
000
000
000
000
000
000
000
000
000
000
000
000
000
000
000
000
000
000
000
000
000
000
000
000
000
000
022
F64
03B
F17
000
000
000
000
000
000
000
000
000
000
000
000
000
000
000
000
000
000
000
000
000
000
000
000
000
000
000
001
028
0B0
000
000
000
000
000
000
000
000
000
000
000
000
000
000
000
000
000
000
000
000
000
000
000
000
000
000
000
000
005
FED
023
FDE
004
FED
000
000
000
000
000
000
000
000
000
000
000
000
000
000
000
000
000
000
000
000
000
000
000
000
000
000
000
000
FFD
F46
000
000
000
000
000
000
000
000
000
000
000
000
03A
0D6
000
000
000
000
000
000
000
000
000
000
000
000
000
000
000
000
000
000
000
000
000
000
000
000
000
000
FED
0C1
002
FE4
027
FEA
00F
FFC
000
000
000
000
000
000
000
000
000
000
000
000
000
000
000
000
000
000
000
000
000
000
000
000
000
000
000
000
000
000
000
000
000
000
000
000
000
000
000
000
026
092
025
0A9
000
000
000
000
000
000
000
000
007
FD3
000
000
000
000
005
FF1
000
000
000
000
000
000
000
000
000
000
FE3
0A7
00C
FED
025
FE8
FF7
FCB
FFE
FEE
000
000
000
000
000
000
000
000
000
000
FF7
F81
000
000
000
000
000
000
000
000
000
000
000
000
000
000
000
000
000
000
000
000
000
000
000
000
000
000
000
000
000
000
000
000
000
000
000
000
000
000
000
000
000
000
000
000
000
000
000
000
000
000
000
000
000
000
000
000
000
000
000
000
023
FDF
006
FE7
000
000
000
000
000
000
000
000
000
000
000
000
00F
FCF
000
000
000
000
000
000
000
000
000
000
000
000
01A
EFB
FDC
F3C
000
000
000
000
000
000
000
000
000
000
000
000
000
000
000
000
000
000
000
000
000
000
000
000
000
000
000
000
000
000
000
000
000
000
000
000
000
000
000
000
000
FFF
001
FF1
014
FDE
005
FF9
000
000
000
000
000
000
000
000
000
000
000
000
FE1
F46
000
000
000
000
000
000
000
000
000
000
000
000
000
000
00C
F88
000
000
000
000
000
000
000
000
000
000
000
000
000
000
000
000
000
000
000
000
000
000
000
000
000
000
000
000
000
000
000
000
000
000
000
000
000
000
000
000
000
000
FFF
FDA
010
FEB
005
FEC
FFE
FEF
000
000
000
000
000
000
041
ECD
000
000
000
000
000
000
000
000
000
000
000
000
000
000
000
000
000
000
017
F23
000
000
000
000
000
000
000
000
000
000
055
089
000
000
000
000
000
000
000
000
000
000
000
000
000
000
000
000
000
000
000
000
000
000
000
000
000
000
000
000
000
000
000
000
004
FF2
000
000
000
000
000
000
000
000
000
000
02E
EDE
000
000
000
000
000
000
000
000
000
000
000
000
000
000
000
000
000
000
01A
F80
000
000
000
000
000
000
000
000
000
000
000
000
000
000
000
000
000
000
000
000
000
000
000
000
000
000
000
000
000
000
000
000
000
000
000
000
000
000
000
000
000
000
000
000
000
000
000
000
000
000
000
000
000
000
000
000
FFA
F98
000
000
000
000
000
000
000
000
000
000
000
000
000
000
000
000
000
000
000
000
000
000
000
000
000
000
000
000
000
000
F0A
029
000
000
000
000
000
000
000
000
000
000
000
000
000
000
000
000
000
000
000
000
000
000
000
000
000
000
000
000
000
000
000
000
000
000
000
000
000
000
000
000
000
000
000
000
000
000
000
000
000
000
000
000
000
000
000
000
000
000
000
000
000
000
000
000
000
000
000
000
000
000
000
000
000
000
000
000
F93
035
FA9
003
000
000
000
000
000
000
000
000
000
000
000
000
00E
FD9
000
000
000
000
000
000
000
000
000
000
000
000
000
000
000
000
000
000
000
000
000
000
000
000
000
000
000
000
027
EB2
000
000
000
000
000
000
000
000
000
000
000
000
000
000
000
000
000
000
000
000
000
000
000
000
000
000
000
000
000
000
FB8
00A
000
000
000
000
000
000
000
000
000
000
000
000
000
000
000
000
000
000
000
000
000
000
000
000
000
000
000
000
000
000
000
000
000
000
000
000
000
000
000
000
000
000
000
000
018
F6A
000
000
000
000
000
000
000
000
000
000
000
000
000
000
000
000
000
000
000
000
000
000
000
000
000
000
000
000
000
000
FB9
040
000
000
000
000
000
000
000
000
000
000
000
000
000
000
000
000
000
000
031
077
000
000
000
000
000
000
000
000
000
000
000
000
000
000
000
000
000
000
000
000
000
000
000
000
047
F97
000
000
000
000
000
000
000
000
000
000
000
000
000
000
000
000
000
000
000
000
000
000
000
000
000
000
000
000
000
000
000
000
000
000
000
000
000
000
000
000
000
000
000
000
000
000
F7E
FE5
000
000
074
0AB
000
000
000
000
000
000
000
000
000
000
000
000
000
000
000
000
000
000
000
000
000
000
000
000
000
000
000
000
000
000
000
000
000
000
000
000
000
000
000
000
000
000
000
000
000
000
000
000
000
000
000
000
000
000
000
000
FD7
014
000
000
000
000
000
000
000
000
000
000
000
000
000
000
FEA
FB5
000
000
054
09B
061
04B
000
000
000
000
000
000
000
000
000
000
000
000
000
000
000
000
000
000
000
000
000
000
FF1
F0B
000
000
000
000
000
000
000
000
000
000
000
000
000
000
000
000
000
000
000
000
000
000
000
000
000
000
000
000
F87
008
FE5
FF2
000
000
000
000
000
000
000
000
000
000
000
000
000
000
FFA
FC0
000
000
037
052
000
000
000
000
000
000
000
000
000
000
000
000
000
000
000
000
000
000
000
000
000
000
000
000
000
000
000
000
000
000
000
000
000
000
000
000
000
000
000
000
000
000
000
000
000
000
000
000
000
000
000
000
000
000
F90
008
FFE
FE7
000
000
000
000
000
000
000
000
000
000
000
000
000
000
000
000
000
000
04D
07F
000
000
000
000
000
000
000
000
000
000
000
000
000
000
000
000
000
000
000
000
000
000
000
000
000
000
000
000
000
000
000
000
000
000
000
000
000
000
000
000
000
000
000
000
000
000
000
000
000
000
000
000
000
000
000
000
000
000
000
000
000
000
000
000
000
000
000
000
000
000
000
000
000
000
000
000
000
000
00E
FE8
000
000
000
000
000
000
000
000
000
000
000
000
000
000
000
000
000
000
000
000
000
000
000
000
000
000
000
000
000
000
000
000
000
000
000
000
000
000
000
000
000
000
000
000
000
000
000
000
000
000
000
000
000
000
000
000
000
000
000
000
000
000
000
000
000
000
000
000
000
000
000
000
000
000
000
000
031
03B
000
000
000
000
000
000
000
000
000
000
000
000
000
000
000
000
000
000
000
000
000
000
000
000
000
000
000
000
000
000
000
000
000
000
000
000
000
000
000
000
000
000
FEC
F56
000
000
000
000
000
000
000
000
000
000
000
000
000
000
000
000
000
000
000
000
000
000
000
000
000
000
000
000
000
000
000
000
02F
02C
000
000
000
000
000
000
000
000
000
000
000
000
000
000
000
000
000
000
000
000
000
000
000
000
000
000
000
000
000
000
000
000
000
000
000
000
000
000
000
000
047
ED2
FE2
EA5
04D
FB8
000
000
000
000
000
000
000
000
000
000
000
000
000
000
000
000
000
000
000
000
000
000
000
000
000
000
000
000
000
000
000
000
000
000
000
000
000
000
000
000
000
000
000
000
000
000
000
000
000
000
000
000
000
000
000
000
000
000
000
000
000
000
000
000
000
000
000
000
000
000
000
000
06A
FB0
FE2
ED7
000
000
000
000
000
000
000
000
000
000
000
000
000
000
000
000
000
000
000
000
000
000
000
000
000
000
000
000
000
000
000
000
000
000
000
000
000
000
000
000
000
000
000
000
000
000
000
000
000
000
000
000
000
000
000
000
000
000
000
000
000
000
000
000
000
000
000
000
000
000
000
000
000
000
000
000
000
000
000
000
000
000
000
000
000
000
000
000
000
000
000
000
000
000
000
000
000
000
000
000
000
000
000
000
000
000
